4.353331117e-05
-1.80479070781e-05
9.41300369241e-05
8.26865696398e-06
7.86492574028e-05
8.8820061759e-05
8.48291561375e-05
3.75690408643e-05
9.59617793655e-05
2.55221549997e-05
8.43005739875e-05
6.29274248655e-06
3.54071247797e-05
9.99734444125e-06
5.76907326784e-05
6.53962478004e-05
7.96478734252e-05
5.84981583841e-05
0.000126917710582
2.71834767311e-05
0.000198490748472
2.65762446719e-05
0.000108242535173
3.76418293369e-05
-9.66685178905e-05
-5.70699989259e-05
-9.5764718489e-05
-3.9836171251e-05
-2.38073132571e-05
-5.60124390925e-05
-1.67446406831e-05
-3.13048526454e-05
-1.76824960712e-05
-3.03648788587e-05
-1.70323213119e-05
-2.82347528796e-05
-5.28442890512e-05
-4.39871459744e-06
-2.46372629349e-05
-1.50717861362e-05
-2.57237745782e-05
-3.67304253281e-05
-4.2549417536e-05
-1.47174421144e-05
-3.21298981127e-05
-2.9925074508e-05
-7.09369574781e-06
-1.22897450583e-05
-1.69039370863e-05
-1.14055670705e-05
-1.11575549482e-05
2.91560716027e-05
6.52266817773e-05
7.24956134174e-06
1.58729353867e-05
2.09357716896e-05
7.24534147352e-05
-0.00111457859679
